comment_id,comment_parent_id,comment_body,comment_link_id
ggdsiit,t3_kgc0e4,"Hey everyone, glad you stopped by! Interested in ready more sinister tales? Mosey on over to [WestCoastDerry.](https://www.reddit.com/r/WestCoastDerry/)

We have a good time. Looking forward to seeing you!",t3_kgc0e4
ggdr5cs,t3_kgc0e4,LOVE this,t3_kgc0e4
ggf48op,t3_kgc0e4,"They're getting into BDSM early these days 😂

All jokes aside, great story with an unsettling twist!",t3_kgc0e4
ghsmlq9,t3_kgc0e4,Oof short and.. Well not sweet... Terrifying. The implications and questions left unanswered are worrying to think about ...,t3_kgc0e4
h1rtr3x,t3_kgc0e4,I’ve been reading nothing but your stories for the last few days and I’ve loved every one!!! You are my Reddit Stephen King!!! I am crazy about this universe you have built (standalone stories rock too) and can’t WAIT for season 3 of the Dark Convoy!!!!,t3_kgc0e4
h1yajeh,t3_kgc0e4,"Now THIS was an unexpected plot twist! Sublime, love t!",t3_kgc0e4
ggoq5ca,t3_kgc0e4,I don’t get it,t3_kgc0e4
ggds90q,t1_ggdr5cs,"Thanks a mill! Glad you enjoyed it! That creamy milk breath made me gag a bit, as if I myself was wearing a choker. Lord knows what Puddin’ is hydrating himself with.",t3_kgc0e4
ggf8vxk,t1_ggf48op,"Poor lil’ Mary Ellen is gonna have some serious unpacking to do in therapy down the road. Thanks so much for reading, glad you enjoyed it!",t3_kgc0e4
h1ryc1x,t1_h1rtr3x,"Omgggggg to be mentioned in the same sentence as Stephen King makes my day/week/month. Huge fan of the King and have read almost everything he’s written. Definitely a massive influence on me as a writer.

I’m so happy you’re enjoying the stories! I have a new one coming out soon, not Dark Convoy because I just needed a little break, but I think it’ll be fun and intense!",t3_kgc0e4
h1s4bhw,t1_h1ryc1x,I'm sad I only have 2 stories left on your master story list so definitely excited that you're dropping another son.  Can't wait!! I think you can make it big and I'm going to love breaking that I've been reading your stuff since your reddit days!! 😀,t3_kgc0e4
h1s8gu3,t1_h1s4bhw,🤞making it big would be the dream. I’ll keep grinding and never take no for an answer!,t3_kgc0e4
