comment_id,comment_parent_id,comment_body,comment_link_id
ecp1m89,t3_aa1x6u,>Users must wait 24 hours between posting stories.,t3_aa1x6u
ecp2qh9,t1_ecp1m89,[deleted],t3_aa1x6u
ecp2xei,t1_ecp2qh9,thank you!,t3_aa1x6u
